R1 = .75;
R2 = .46;
L1  = 135.6e-3;
L2 = 135.6e-3;
L0  = 134.2e-3;
J = 0.2;
B = 0.001;
P = 4;
omegaSuply = 120 * pi;
Vsupply = 163;
Tl = 0;